$ANSIBLE_VAULT;1.1;AES256
61363136303466643063653538656437623537643563636463616566613864656132343862376565
3663316664353161386130356534623965616465373238320a336537323865356664336162653831
66646662313763356638653963643363613862363339356338666634383136626561326432303435
3765613035363662300a663438396235623839326561633766626266343832613339306333353965
64343464313838353066363664646264326530313137363833363236626164623864393531306338
30646538653537663733616432663639343933396632386330626435646265616438613238613532
32666232333065376461393861343061623734356365633439656330353461353165363363386463
39633737623362396263316665643436643561613766616635633232636634353231626665623031
66663633373237313239316234363364666534373833323664666138356565373663373532626136
61366139656632313031633263653234323165633136303938636333336537656266383761663665
39393330323834653734363731646231313064653962663237313562303165393531623263633462
35336362396537393137353235613234376137663330373030373064323031363933376461353239
32336561653739646666613535356531313930313635323466663939363636336266623336643866
65623930396339316336356233326266616163346662646464613636666535343939363934663833
33393765386631613065346631633139623033323738643662666465316439623664366538346237
66633936613563363439363036653637316263663236343733663835333436303065356530663830
39306539366466343266326465363330646231343538656264623037656563626139396238633966
65656662356439336161636133303932333065386431336130323439303431393635313961626566
30623630613266303035656339303737396635373038376138396637616333333332333038313134
35346566333962643664336436646263396138636266363166636638386234303333383033393132
35663138336539623538393666303233623232336466303965333736373064353331323461306563
36393336393235316631343663623339386131346332336333366331376635303264393038316666
35343164356533363034623939393730316632323662393163373236613531333065383136366630
65373261613461666365313961383265633635326166336539373361613031353831353834383335
30316439646533343463363239623031353364373838633234313561393462646338303962323266
62616166366662323339393065383363643438376365353930383364623234326665356662626135
38373632653930623031663565653865613037363537623930393266613232633339356131386635
66396439333537336539333831376261386362383464336432326433363230326133623066363363
33353539343864613163336364613034646434626233656137323539373463336332616666323933
31666433656235356330316339666234393131666237663437303738323537323431653732656335
64623035393239393261626638643963396236656337353237303136383334393035343932653963
32353063363738316164343538643237313739653061666165343264616163636230643835626237
38343761316638346337643432323030356135656665386138323030306231363763393136393238
62643730376539616464373963343733623138616266336234626463646262623363646234653138
30323437393830613666663234656331353237643666613562653863396336373736346261636333
35323461643965386633653737333464386438303735616231303861326335386465333264613238
34633164613663663730333565633735303466613665396435613762333332643439633366626362
63656233323130393932353464366137376565386134333565646139666265666666386465313734
65303238333036646339303966616235333964636262663130323133363434613564343332633636
30333835626165646631353063353836353437353433613064616332623537363031616262666530
62613930393033373534343763343734336130646263366437633438343331363661656561396364
33326533323136383733363731626562616237616431663164646638356534363435323163373734
31393233616331363630313661313033623965386536396361353434343534636161383262616530
34303563316462636533323465333735643730316261643561376462303030333830343332663935
33656130343661373864656433346539666435333835396336656563666361386665336134633839
65656164373331333564306437353439373634663163363934353839333464666435323662303432
35306235613139636332396537343833363830306566616437313739663232636238373835383338
37386634393764633962663838316431666235646266303666346365366530653464343264306634
61353264373565623563363432646333363833343731623430623930336130363333303332343639
64313133323738643665366365333661313932623435373262353333306433613939316365633737
61666231653662633533306330356439346130376539303062333137323037623739323466643236
63663530303539623038393933313564313832623339323931306561366230326465346163656431
62373736376533333130363230363564666166613430353739663337326337613466633861393738
33333435323033653963633535643630633636653764373431343730383466383561623931316539
38333464356163373338646135373136303333626366316263666232363330323032623733663232
33623938663364633638373363313530346537306635636239363031376438343539333763613831
61323039353464656632386261333830313663636633653531366332303437613734353963626233
31393533366639373466326132663161343736663662386363633832616630336335393064346638
33643836306233303839613038363964396561633166366430393338613935626561353233653532
36316133373365613032366632366366316463376465316130383737306336393733393832306466
62353739326134353032633437323963306138396364646264346662343836383730613037616638
30663432623133636363393231373164316131393630323537346631633263613837616435333035
63646336313064623338313735363665373637666630313732643864393939616464316132653264
35383531656632626337366631396631653438643237366536373362306664343436656633303533
62316630316662303830613562613537343633353735653565643861386230396237323737666163
33393163646139663265666132313530363732646265363361366137343063303064616361306365
62626539303236316561326337323431326131616433653933323033363631643766343538343432
35633538386132363733323636623133313864396362633339346430373138653639653662643933
66363030393565613666666366653638356166396661643832646665656132623162366532303038
37383032643965633035353932373638666539636438313963366636353365303633333836646136
32353661326234653830656235623232646534366565623265633433613162343536393833633533
32393633313634383832393938656335613761653737623330366332353431323565646536633433
30646131616537636532356663383134643231613232306161396538346466373534383937316435
30646164653863353237316435323261383162653366353863323338383030643239656533363565
64303031393433646132326233396264666430643163383636666564306331623735373039313365
64623164346336626462666539653039656233333831323632396265333061623035633131363763
36356537323430633739383732353561663864643564393431626264643138323138633835313537
39626130623262646138303862353931653336616330373230383763336335623361383837383966
35333033356463383663346332383131626439663937663735653266353861363135643335303434
38663936383330613539376130323237356333303130373866353562326436626238396164616437
36336163346562316662376536333365393130313631643739386331306636613431353339333564
61363839626130386337323337353539386564613464306237353930616231363936653965326566
32343539313763666561363536396334633234633835613761353333653462303861663236356462
39316464303062303730336339623464623264386564363535613335373565663865626436396561
31386363646364383964383266366462373135333663373631663437316663633535316165393465
33656234343233383330333832626261613262306130383237363461626238633131633733316665
63613537643762356337326634663164646236383031313664663966663736366664313461323661
37666138383864366239
